Test accuracy: 0.1451

                           precision    recall  f1-score   support

                 Advocate       0.00      0.00      0.00         4
                     Arts       1.00      0.29      0.44         7
       Automation Testing       0.00      0.00      0.00         5
               Blockchain       0.00      0.00      0.00         8
         Business Analyst       1.00      0.50      0.67         6
           Civil Engineer       1.00      0.40      0.57         5
             Data Science       1.00      0.12      0.22         8
                 Database       0.00      0.00      0.00         7
          DevOps Engineer       0.00      0.00      0.00        11
         DotNet Developer       0.00      0.00      0.00         5
            ETL Developer       0.00      0.00      0.00         8
   Electrical Engineering       0.00      0.00      0.00         6
                       HR       0.00      0.00      0.00         9
                   Hadoop       0.00      0.00      0.00         8
       Health and fitness       0.00      0.00      0.00         6
           Java Developer       0.00      0.00      0.00        17
      Mechanical Engineer       1.00      0.50      0.67         8
Network Security Engineer       0.00      0.00      0.00         5
       Operations Manager       1.00      0.75      0.86         8
                      PMO       1.00      0.33      0.50         6
         Python Developer       0.00      0.00      0.00        10
            SAP Developer       0.00      0.00      0.00         5
                    Sales       0.05      1.00      0.09         8
                  Testing       0.00      0.00      0.00        14
            Web Designing       0.00      0.00      0.00         9

                 accuracy                           0.15       193
                macro avg       0.28      0.16      0.16       193
             weighted avg       0.25      0.15      0.14       193


Confusion matrix:
0 0 0 0 0 0 0 0 0 0 0 0 0 0 0 0 0 0 0 0 0 0 4 0 0
0 2 0 0 0 0 0 0 0 0 0 0 0 0 0 0 0 0 0 0 0 0 5 0 0
0 0 0 0 0 0 0 0 0 0 0 0 0 0 0 0 0 0 0 0 0 0 5 0 0
0 0 0 0 0 0 0 0 0 0 0 0 0 0 0 0 0 0 0 0 0 0 8 0 0
0 0 0 0 3 0 0 0 0 0 0 0 0 0 0 0 0 0 0 0 0 0 3 0 0
0 0 0 0 0 2 0 0 0 0 0 0 0 0 0 0 0 0 0 0 0 0 3 0 0
0 0 0 0 0 0 1 0 0 0 0 0 0 0 0 0 0 0 0 0 0 0 7 0 0
0 0 0 0 0 0 0 0 0 0 0 0 0 0 0 0 0 0 0 0 0 0 7 0 0
0 0 0 0 0 0 0 0 0 0 0 0 0 0 0 0 0 0 0 0 0 0 11 0 0
0 0 0 0 0 0 0 0 0 0 0 0 0 0 0 0 0 0 0 0 0 0 5 0 0
0 0 0 0 0 0 0 0 0 0 0 0 0 0 0 0 0 0 0 0 0 0 8 0 0
0 0 0 0 0 0 0 0 0 0 0 0 0 0 0 0 0 0 0 0 0 0 6 0 0
0 0 0 0 0 0 0 0 0 0 0 0 0 0 0 0 0 0 0 0 0 0 9 0 0
0 0 0 0 0 0 0 0 0 0 0 0 0 0 0 0 0 0 0 0 0 0 8 0 0
0 0 0 0 0 0 0 0 0 0 0 0 0 0 0 0 0 0 0 0 0 0 6 0 0
0 0 0 0 0 0 0 0 0 0 0 0 0 0 0 0 0 0 0 0 0 0 17 0 0
0 0 0 0 0 0 0 0 0 0 0 0 0 0 0 0 4 0 0 0 0 0 4 0 0
0 0 0 0 0 0 0 0 0 0 0 0 0 0 0 0 0 0 0 0 0 0 5 0 0
0 0 0 0 0 0 0 0 0 0 0 0 0 0 0 0 0 0 6 0 0 0 2 0 0
0 0 0 0 0 0 0 0 0 0 0 0 0 0 0 0 0 0 0 2 0 0 4 0 0
0 0 0 0 0 0 0 0 0 0 0 0 0 0 0 0 0 0 0 0 0 0 10 0 0
0 0 0 0 0 0 0 0 0 0 0 0 0 0 0 0 0 0 0 0 0 0 5 0 0
0 0 0 0 0 0 0 0 0 0 0 0 0 0 0 0 0 0 0 0 0 0 8 0 0
0 0 0 0 0 0 0 0 0 0 0 0 0 0 0 0 0 0 0 0 0 0 14 0 0
0 0 0 0 0 0 0 0 0 0 0 0 0 0 0 0 0 0 0 0 0 0 9 0 0
